test.jpg-input_1
(1, 224, 224, 3)
0.0008038371598639456
test.jpg-block1_conv1
(1, 224, 224, 64)
0.6073695591517857
test.jpg-block1_conv2
(1, 224, 224, 64)
0.2902592250279018
test.jpg-block1_pool
(1, 112, 112, 64)
0.18931984414859693
test.jpg-block2_conv1
(1, 112, 112, 128)
0.28442071408641584
test.jpg-block2_conv2
(1, 112, 112, 128)
0.4886013731664541
test.jpg-block2_pool
(1, 56, 56, 128)
0.28861407844387754
test.jpg-block3_conv1
(1, 56, 56, 256)
0.4391504404496174
test.jpg-block3_conv2
(1, 56, 56, 256)
0.44724943199936223
test.jpg-block3_conv3
(1, 56, 56, 256)
0.7486098931760204
test.jpg-block3_pool
(1, 28, 28, 256)
0.5995844626913265
test.jpg-block4_conv1
(1, 28, 28, 512)
0.6133759167729592
test.jpg-block4_conv2
(1, 28, 28, 512)
0.7089470065369898
test.jpg-block4_conv3
(1, 28, 28, 512)
0.8830516581632653
test.jpg-block4_pool
(1, 14, 14, 512)
0.7853455835459183
test.jpg-block5_conv1
(1, 14, 14, 512)
0.7767657844387755
test.jpg-block5_conv2
(1, 14, 14, 512)
0.8138253348214286
test.jpg-block5_conv3
(1, 14, 14, 512)
0.9325075733418368
test.jpg-block5_pool
(1, 7, 7, 512)
0.8741629464285714
test.jpg-flatten
(1, 25088)
0.8741629464285714
test.jpg-fc1
(1, 4096)
0.7744140625
test.jpg-fc2
(1, 4096)
0.828125
test.jpg-predictions
(1, 1000)
0.997
***************************************************************************************************
3.jpg-input_1
(1, 224, 224, 3)
7.971938775510203e-05
3.jpg-block1_conv1
(1, 224, 224, 64)
0.5319930096061862
3.jpg-block1_conv2
(1, 224, 224, 64)
0.2634429931640625
3.jpg-block1_pool
(1, 112, 112, 64)
0.20962462133290816
3.jpg-block2_conv1
(1, 112, 112, 128)
0.274967115752551
3.jpg-block2_conv2
(1, 112, 112, 128)
0.5102987484056123
3.jpg-block2_pool
(1, 56, 56, 128)
0.36910076530612246
3.jpg-block3_conv1
(1, 56, 56, 256)
0.4026962591677296
3.jpg-block3_conv2
(1, 56, 56, 256)
0.47407625159438777
3.jpg-block3_conv3
(1, 56, 56, 256)
0.7521337392378826
3.jpg-block3_pool
(1, 28, 28, 256)
0.6205207669005102
3.jpg-block4_conv1
(1, 28, 28, 512)
0.6317711654974489
3.jpg-block4_conv2
(1, 28, 28, 512)
0.7075793207908163
3.jpg-block4_conv3
(1, 28, 28, 512)
0.8863126793686225
3.jpg-block4_pool
(1, 14, 14, 512)
0.7911750637755102
3.jpg-block5_conv1
(1, 14, 14, 512)
0.7617885044642857
3.jpg-block5_conv2
(1, 14, 14, 512)
0.8069296077806123
3.jpg-block5_conv3
(1, 14, 14, 512)
0.9411172672193877
3.jpg-block5_pool
(1, 7, 7, 512)
0.8917410714285714
3.jpg-flatten
(1, 25088)
0.8917410714285714
3.jpg-fc1
(1, 4096)
0.744140625
3.jpg-fc2
(1, 4096)
0.759521484375
3.jpg-predictions
(1, 1000)
0.981
***************************************************************************************************
6.jpg-input_1
(1, 224, 224, 3)
0.0005646789965986394
6.jpg-block1_conv1
(1, 224, 224, 64)
0.5613910908601722
6.jpg-block1_conv2
(1, 224, 224, 64)
0.3010889170121174
6.jpg-block1_pool
(1, 112, 112, 64)
0.2191174565529337
6.jpg-block2_conv1
(1, 112, 112, 128)
0.31995687679368623
6.jpg-block2_conv2
(1, 112, 112, 128)
0.4970921107700893
6.jpg-block2_pool
(1, 56, 56, 128)
0.29960538903061223
6.jpg-block3_conv1
(1, 56, 56, 256)
0.46158397441007654
6.jpg-block3_conv2
(1, 56, 56, 256)
0.4797425562021684
6.jpg-block3_conv3
(1, 56, 56, 256)
0.7138298190369898
6.jpg-block3_pool
(1, 28, 28, 256)
0.5369300063775511
6.jpg-block4_conv1
(1, 28, 28, 512)
0.6503682039221939
6.jpg-block4_conv2
(1, 28, 28, 512)
0.6970364317602041
6.jpg-block4_conv3
(1, 28, 28, 512)
0.8709343112244898
6.jpg-block4_pool
(1, 14, 14, 512)
0.7565070950255102
6.jpg-block5_conv1
(1, 14, 14, 512)
0.7589285714285714
6.jpg-block5_conv2
(1, 14, 14, 512)
0.7862025669642857
6.jpg-block5_conv3
(1, 14, 14, 512)
0.9338528380102041
6.jpg-block5_pool
(1, 7, 7, 512)
0.8763950892857143
6.jpg-flatten
(1, 25088)
0.8763950892857143
6.jpg-fc1
(1, 4096)
0.802978515625
6.jpg-fc2
(1, 4096)
0.7109375
6.jpg-predictions
(1, 1000)
0.982
***************************************************************************************************
1.jpg-input_1
(1, 224, 224, 3)
0.0002258715986394558
1.jpg-block1_conv1
(1, 224, 224, 64)
0.5160749785754145
1.jpg-block1_conv2
(1, 224, 224, 64)
0.29367843939333543
1.jpg-block1_pool
(1, 112, 112, 64)
0.22256033761160715
1.jpg-block2_conv1
(1, 112, 112, 128)
0.2901119310028699
1.jpg-block2_conv2
(1, 112, 112, 128)
0.4920947016501913
1.jpg-block2_pool
(1, 56, 56, 128)
0.31208894690688777
1.jpg-block3_conv1
(1, 56, 56, 256)
0.4443994638871174
1.jpg-block3_conv2
(1, 56, 56, 256)
0.4726512675382653
1.jpg-block3_conv3
(1, 56, 56, 256)
0.7363243881536989
1.jpg-block3_pool
(1, 28, 28, 256)
0.5769142617984694
1.jpg-block4_conv1
(1, 28, 28, 512)
0.6319206393494898
1.jpg-block4_conv2
(1, 28, 28, 512)
0.6998664700255102
1.jpg-block4_conv3
(1, 28, 28, 512)
0.878181301817602
1.jpg-block4_pool
(1, 14, 14, 512)
0.7738161670918368
1.jpg-block5_conv1
(1, 14, 14, 512)
0.7599250637755102
1.jpg-block5_conv2
(1, 14, 14, 512)
0.7752411511479592
1.jpg-block5_conv3
(1, 14, 14, 512)
0.9279834980867347
1.jpg-block5_pool
(1, 7, 7, 512)
0.8708944515306123
1.jpg-flatten
(1, 25088)
0.8708944515306123
1.jpg-fc1
(1, 4096)
0.762451171875
1.jpg-fc2
(1, 4096)
0.739501953125
1.jpg-predictions
(1, 1000)
0.994
***************************************************************************************************
2.jpg-input_1
(1, 224, 224, 3)
0.004298203656462585
2.jpg-block1_conv1
(1, 224, 224, 64)
0.6160128846460459
2.jpg-block1_conv2
(1, 224, 224, 64)
0.2800763188576212
2.jpg-block1_pool
(1, 112, 112, 64)
0.2036456672512755
2.jpg-block2_conv1
(1, 112, 112, 128)
0.2966190260283801
2.jpg-block2_conv2
(1, 112, 112, 128)
0.4992177535076531
2.jpg-block2_pool
(1, 56, 56, 128)
0.30543985172193877
2.jpg-block3_conv1
(1, 56, 56, 256)
0.45444659797512754
2.jpg-block3_conv2
(1, 56, 56, 256)
0.4903589365433674
2.jpg-block3_conv3
(1, 56, 56, 256)
0.7242331991390306
2.jpg-block3_pool
(1, 28, 28, 256)
0.5581453284438775
2.jpg-block4_conv1
(1, 28, 28, 512)
0.6507792570153061
2.jpg-block4_conv2
(1, 28, 28, 512)
0.7027762276785714
2.jpg-block4_conv3
(1, 28, 28, 512)
0.8713005221619898
2.jpg-block4_pool
(1, 14, 14, 512)
0.7530393016581632
2.jpg-block5_conv1
(1, 14, 14, 512)
0.7605528539540817
2.jpg-block5_conv2
(1, 14, 14, 512)
0.7605428890306123
2.jpg-block5_conv3
(1, 14, 14, 512)
0.9246352838010204
2.jpg-block5_pool
(1, 7, 7, 512)
0.8602120535714286
2.jpg-flatten
(1, 25088)
0.8602120535714286
2.jpg-fc1
(1, 4096)
0.7607421875
2.jpg-fc2
(1, 4096)
0.74169921875
2.jpg-predictions
(1, 1000)
0.976
***************************************************************************************************
new_image.jpg-input_1
(1, 224, 224, 3)
0.002617453231292517
new_image.jpg-block1_conv1
(1, 224, 224, 64)
0.6075205900231186
new_image.jpg-block1_conv2
(1, 224, 224, 64)
0.2900605493662309
new_image.jpg-block1_pool
(1, 112, 112, 64)
0.18912552814094388
new_image.jpg-block2_conv1
(1, 112, 112, 128)
0.28415975765306123
new_image.jpg-block2_conv2
(1, 112, 112, 128)
0.4880894252232143
new_image.jpg-block2_pool
(1, 56, 56, 128)
0.28866639429209184
new_image.jpg-block3_conv1
(1, 56, 56, 256)
0.4395764409279337
new_image.jpg-block3_conv2
(1, 56, 56, 256)
0.44754962531887754
new_image.jpg-block3_conv3
(1, 56, 56, 256)
0.7493933852838011
new_image.jpg-block3_pool
(1, 28, 28, 256)
0.6012486049107143
new_image.jpg-block4_conv1
(1, 28, 28, 512)
0.6126833545918368
new_image.jpg-block4_conv2
(1, 28, 28, 512)
0.7091189014668368
new_image.jpg-block4_conv3
(1, 28, 28, 512)
0.8831662547831632
new_image.jpg-block4_pool
(1, 14, 14, 512)
0.7857541454081632
new_image.jpg-block5_conv1
(1, 14, 14, 512)
0.7773337850765306
new_image.jpg-block5_conv2
(1, 14, 14, 512)
0.8133171237244898
new_image.jpg-block5_conv3
(1, 14, 14, 512)
0.9329958545918368
new_image.jpg-block5_pool
(1, 7, 7, 512)
0.8752391581632653
new_image.jpg-flatten
(1, 25088)
0.8752391581632653
new_image.jpg-fc1
(1, 4096)
0.773681640625
new_image.jpg-fc2
(1, 4096)
0.82470703125
new_image.jpg-predictions
(1, 1000)
0.997
***************************************************************************************************
4.jpg-input_1
(1, 224, 224, 3)
3.321641156462585e-05
4.jpg-block1_conv1
(1, 224, 224, 64)
0.5009264264787946
4.jpg-block1_conv2
(1, 224, 224, 64)
0.28751077457350127
4.jpg-block1_pool
(1, 112, 112, 64)
0.21062983298788265
4.jpg-block2_conv1
(1, 112, 112, 128)
0.299526292450574
4.jpg-block2_conv2
(1, 112, 112, 128)
0.5172673439492985
4.jpg-block2_pool
(1, 56, 56, 128)
0.34964176100127553
4.jpg-block3_conv1
(1, 56, 56, 256)
0.4063832808514031
4.jpg-block3_conv2
(1, 56, 56, 256)
0.4784072564572704
4.jpg-block3_conv3
(1, 56, 56, 256)
0.7505866848692602
4.jpg-block3_pool
(1, 28, 28, 256)
0.6100227200255102
4.jpg-block4_conv1
(1, 28, 28, 512)
0.6401317362882653
4.jpg-block4_conv2
(1, 28, 28, 512)
0.7094278140943877
4.jpg-block4_conv3
(1, 28, 28, 512)
0.8866290656887755
4.jpg-block4_pool
(1, 14, 14, 512)
0.7890923947704082
4.jpg-block5_conv1
(1, 14, 14, 512)
0.7788185586734694
4.jpg-block5_conv2
(1, 14, 14, 512)
0.8040896045918368
4.jpg-block5_conv3
(1, 14, 14, 512)
0.9442661830357143
4.jpg-block5_pool
(1, 7, 7, 512)
0.8957270408163265
4.jpg-flatten
(1, 25088)
0.8957270408163265
4.jpg-fc1
(1, 4096)
0.748779296875
4.jpg-fc2
(1, 4096)
0.811279296875
4.jpg-predictions
(1, 1000)
0.997
***************************************************************************************************

